0.0396, 3.2218
0.0402, 3.2199
0.0409, 3.218
0.0415, 3.216
0.0421, 3.2138
0.0427, 3.2119
0.0433, 3.21
0.044, 3.208
0.0446, 3.2058
0.0452, 3.2039
0.0458, 3.2019
0.0464, 3.2
0.0471, 3.1981
0.0477, 3.1962
0.0483, 3.1942
0.0489, 3.1923
0.0496, 3.1904
0.0502, 3.1885
0.0508, 3.1865
0.0514, 3.1846
0.052, 3.1827
0.0527, 3.1808
0.0533, 3.1788
0.0539, 3.1769
0.0545, 3.1747
0.0551, 3.1727
0.0558, 3.1708
0.0564, 3.1689
0.057, 3.167
0.0576, 3.165
0.0582, 3.1631
0.0589, 3.1612
0.0594, 3.1593
0.0601, 3.1573
0.0607, 3.1554
0.0614, 3.1535
0.062, 3.1515
0.0626, 3.1496
0.0632, 3.1477
0.0638, 3.1455
0.0645, 3.1435
0.0651, 3.1416
0.0657, 3.1397
0.0663, 3.1378
0.0669, 3.1358
0.0676, 3.1339
0.0682, 3.132
0.0688, 3.13
0.0694, 3.128
0.0701, 3.1262
0.0707, 3.1243
0.0713, 3.1223
0.0719, 3.1204
0.0725, 3.1185
0.0732, 3.1166
0.0738, 3.1143
0.0744, 3.1124
0.075, 3.1105
0.0756, 3.1085
0.0763, 3.1066
0.0769, 3.1047
0.0775, 3.1028
0.0781, 3.1008
0.0787, 3.0989
0.0794, 3.097
0.08, 3.0951
0.0806, 3.0931
0.0812, 3.0912
0.0819, 3.0893
0.0825, 3.0874
0.0831, 3.0854
0.0836, 3.0835
0.0843, 3.0816
0.085, 3.0796
0.0856, 3.0777
0.0862, 3.0758
0.0868, 3.0739
0.0874, 3.072
0.0881, 3.07
0.0887, 3.0681
0.0893, 3.0662
0.0899, 3.0642
0.0905, 3.0623
0.0912, 3.0604
0.0918, 3.0585
0.0924, 3.0565
0.093, 3.0546
0.0937, 3.0527
0.0943, 3.0508
0.0949, 3.0488
0.0955, 3.0469
0.0961, 3.045
0.0968, 3.0431
0.0974, 3.0411
0.098, 3.0392
0.0986, 3.0373
0.0992, 3.0354
0.0999, 3.0334
0.1005, 3.0318
0.1011, 3.0299
0.1017, 3.028
0.1024, 3.0257
0.103, 3.0238
0.1036, 3.0219
0.1042, 3.0199
0.1048, 3.018
0.1055, 3.0161
0.1061, 3.0142
0.1067, 3.0122
0.1073, 3.0103
0.1078, 3.0084
0.1086, 3.0065
0.1092, 3.0045
0.1098, 3.0026
0.1104, 3.0007
0.111, 2.9988
0.1117, 2.9968
0.1123, 2.9949
0.1129, 2.9929
0.1135, 2.991
0.1142, 2.9891
0.1148, 2.9872
0.1154, 2.9853
0.116, 2.9832
0.1166, 2.9814
0.1173, 2.9795
0.1179, 2.9776
0.1185, 2.9756
0.1191, 2.9737
0.1197, 2.9718
0.1204, 2.9702
0.121, 2.9682
0.1216, 2.9663
0.1222, 2.9644
0.1228, 2.9622
0.1235, 2.9602
0.1241, 2.9583
0.1247, 2.9564
0.1253, 2.9545
0.126, 2.9525
0.1266, 2.9506
0.1272, 2.9487
0.1278, 2.9466
0.1284, 2.9447
0.1291, 2.9428
0.1297, 2.9409
0.1303, 2.939
0.1309, 2.9371
0.1315, 2.9355
0.1322, 2.9336
0.1328, 2.9316
0.1334, 2.9297
0.134, 2.9278
0.1346, 2.9259
0.1353, 2.9239
0.1359, 2.922
0.1365, 2.9201
0.1371, 2.9182
0.1378, 2.9162
0.1384, 2.9143
0.139, 2.9123
0.1396, 2.9104
0.1402, 2.9085
0.1402, 2.9088
0.1409, 2.9069
0.1415, 2.905
0.1421, 2.9031
0.1427, 2.9011
0.1433, 2.8992
0.144, 2.897
0.1446, 2.895
0.1452, 2.8931
0.1458, 2.8912
0.1464, 2.8893
0.1471, 2.8873
0.1477, 2.8854
0.1482, 2.8835
0.1489, 2.8816
0.1496, 2.8796
0.1502, 2.8777
0.1508, 2.8758
0.1514, 2.8739
0.152, 2.8719
0.1527, 2.87
0.1533, 2.8681
0.1539, 2.8658
0.1545, 2.8639
0.1551, 2.862
0.1558, 2.8601
0.1564, 2.858
0.157, 2.8561
0.1576, 2.8542
0.1583, 2.8524
0.1589, 2.8504
0.1595, 2.8485
0.1601, 2.8469
0.1607, 2.845
0.1614, 2.843
0.162, 2.8408
0.1626, 2.8389
0.1632, 2.837
0.1638, 2.835
0.1645, 2.8331
0.1651, 2.8312
0.1657, 2.8292
0.1663, 2.8273
0.1669, 2.8254
0.1676, 2.8235
0.1682, 2.8215
0.1688, 2.8195
0.1694, 2.8176
0.1701, 2.8157
0.1707, 2.8138
0.1713, 2.8119
0.1719, 2.81
0.1724, 2.8081
0.1732, 2.8061
0.1738, 2.8042
0.1743, 2.8023
0.175, 2.8004
0.1756, 2.7984
0.1763, 2.7965
0.1769, 2.7946
0.1775, 2.7926
0.1781, 2.7907
0.1787, 2.7888
0.1794, 2.7869
0.18, 2.7849
0.1806, 2.783
0.1812, 2.7811
0.1819, 2.7792
0.1825, 2.7772
0.1831, 2.7753
0.1837, 2.7734
0.1843, 2.7715
0.185, 2.7694
0.1856, 2.7675
0.1862, 2.7657
0.1868, 2.7638
0.1874, 2.7618
0.1881, 2.7599
0.1887, 2.758
0.1893, 2.756
0.1899, 2.7541
0.1905, 2.7522
0.1912, 2.7503
0.1918, 2.7483
0.1924, 2.7464
0.193, 2.7445
0.1937, 2.7426
0.1943, 2.7406
0.1949, 2.7387
0.1955, 2.7368
0.1961, 2.7349
0.1968, 2.7328
0.1974, 2.7309
0.198, 2.729
0.1985, 2.7271
0.1992, 2.7252
0.1999, 2.7233
0.2005, 2.7217
0.2011, 2.7198
0.2017, 2.7178
0.2024, 2.7156
0.203, 2.7137
0.2036, 2.7117
0.2042, 2.7098
0.2048, 2.7079
0.2055, 2.706
0.2061, 2.704
0.2067, 2.7021
0.2073, 2.7002
0.2079, 2.6983
0.2086, 2.6963
0.2092, 2.6944
0.2098, 2.6925
0.2104, 2.6905
0.211, 2.6886
0.2117, 2.6867
0.2123, 2.6848
0.2129, 2.6829
0.2135, 2.6808
0.2142, 2.679
0.2147, 2.6771
0.2154, 2.6751
0.216, 2.6732
0.2166, 2.6713
0.2173, 2.6694
0.2179, 2.6674
0.2185, 2.6655
0.2191, 2.6636
0.2197, 2.6617
0.2204, 2.66
0.221, 2.6581
0.2216, 2.6562
0.2222, 2.654
0.2227, 2.652
0.2235, 2.6501
0.2241, 2.6482
0.2247, 2.6463
0.2253, 2.6442
0.226, 2.6423
0.2266, 2.6404
0.2272, 2.6385
0.2278, 2.6366
0.2284, 2.6347
0.2291, 2.6328
0.2297, 2.6308
0.2303, 2.6289
0.2309, 2.627
0.2315, 2.6251
0.2322, 2.6231
0.2328, 2.6212
0.2334, 2.6193
0.234, 2.6174
0.2346, 2.6154
0.2353, 2.6135
0.2359, 2.6116
0.2365, 2.6097
0.2371, 2.6077
0.2378, 2.6058
0.2384, 2.6038
0.2389, 2.6019
0.2396, 2.6
0.2402, 2.5981
0.2409, 2.5962
0.2415, 2.5941
0.2421, 2.5923
0.2421, 2.592
0.2427, 2.5897
0.2433, 2.5878
0.244, 2.5856
0.2446, 2.5836
0.2452, 2.5817
0.2458, 2.5795
0.2465, 2.5776
0.2471, 2.5756
0.2477, 2.5734
0.2483, 2.5715
0.2489, 2.5695
0.2496, 2.5673
0.2502, 2.5654
0.2508, 2.5635
0.2514, 2.5613
0.252, 2.5593
0.2527, 2.5574
0.2533, 2.5554
0.2539, 2.5532
0.2545, 2.5513
0.2551, 2.5493
0.2558, 2.5471
0.2564, 2.5452
0.2564, 2.5449
0.257, 2.543
0.2576, 2.5411
0.2583, 2.5391
0.2589, 2.5369
0.2595, 2.535
0.2601, 2.533
0.2601, 2.5327
0.2607, 2.5308
0.2607, 2.5305
0.2614, 2.5286
0.2614, 2.5283
0.262, 2.526
0.2626, 2.5241
0.2631, 2.5219
0.2639, 2.5196
0.2645, 2.5173
0.2651, 2.5152
0.2657, 2.5129
0.2663, 2.5107
0.267, 2.5088
0.2676, 2.5065
0.2682, 2.5043
0.2688, 2.502
0.2688, 2.5017
0.2695, 2.4998
0.2695, 2.4995
0.2701, 2.4976
0.2701, 2.4973
0.2707, 2.4953
0.2713, 2.4931
0.2719, 2.4912
0.2726, 2.4889
0.2732, 2.4867
0.2738, 2.4845
0.2744, 2.4822
0.2751, 2.48
0.2757, 2.4778
0.2763, 2.4758
0.2763, 2.4755
0.2769, 2.4736
0.2775, 2.4714
0.2782, 2.4691
0.2788, 2.4668
0.2793, 2.465
0.28, 2.463
0.28, 2.4627
0.28, 2.4624
0.2807, 2.4605
0.2807, 2.4602
0.2812, 2.4582
0.2819, 2.456
0.2825, 2.4538
0.2831, 2.4515
0.2838, 2.4493
0.2844, 2.4471
0.285, 2.4447
0.2856, 2.4429
0.2862, 2.4407
0.2869, 2.4384
0.2875, 2.4362
0.2881, 2.4339
0.2881, 2.4336
0.2887, 2.4317
0.2887, 2.4314
0.2894, 2.4295
0.29, 2.4276
0.2906, 2.4253
0.2912, 2.4231
0.2918, 2.4208
0.2925, 2.4186
0.2931, 2.4163
0.2937, 2.4141
0.2943, 2.4122
0.295, 2.41
0.2955, 2.4077
0.2962, 2.4055
0.2968, 2.4033
0.2974, 2.401
0.2981, 2.3988
0.2987, 2.3969
0.2987, 2.3965
0.2993, 2.3946
0.2999, 2.3927
0.2999, 2.3924
0.3006, 2.3905
0.3006, 2.3901
0.3012, 2.3881
0.3018, 2.386
0.3024, 2.3841
0.303, 2.3818
0.3037, 2.3796
0.3043, 2.3777
0.3049, 2.3754
0.3054, 2.3735
0.3061, 2.3713
0.3068, 2.369
0.3074, 2.3671
0.308, 2.3649
0.3086, 2.3629
0.3093, 2.3607
0.3099, 2.3588
0.3105, 2.3565
0.3111, 2.3543
0.3117, 2.3524
0.3124, 2.3501
0.313, 2.3479
0.3136, 2.346
0.3142, 2.3437
0.3149, 2.3418
0.3155, 2.3396
0.3161, 2.3376
0.3161, 2.3373
0.3167, 2.3354
0.3173, 2.3332
0.318, 2.3312
0.3186, 2.329
0.3192, 2.3271
0.3197, 2.3252
0.3204, 2.3232
0.3211, 2.3213
0.3216, 2.3194
0.3216, 2.3191
0.3223, 2.3171
0.3229, 2.3149
0.3235, 2.3127
0.3242, 2.3107
0.3248, 2.3088
0.3254, 2.3066
0.326, 2.3047
0.3267, 2.3027
0.3273, 2.3008
0.3279, 2.2986
0.3285, 2.2966
0.3291, 2.2947
0.3298, 2.2925
0.3304, 2.2906
0.331, 2.2886
0.3316, 2.2864
0.3323, 2.2845
0.3329, 2.2825
0.3335, 2.2803
0.3341, 2.2784
0.3347, 2.2764
0.3354, 2.2745
0.336, 2.2726
0.3366, 2.2704
0.3372, 2.2684
0.3378, 2.2662
0.3385, 2.2643
0.3391, 2.2623
0.3397, 2.2604
0.3403, 2.2585
0.341, 2.2566
0.3416, 2.2546
0.3422, 2.2524
0.3428, 2.2505
0.3434, 2.2485
0.3441, 2.2466
0.3447, 2.2447
0.3453, 2.2428
0.3458, 2.2408
0.3465, 2.2389
0.3472, 2.237
0.3477, 2.2348
0.3484, 2.2328
0.349, 2.2309
0.3496, 2.229
0.3503, 2.2271
0.3509, 2.2251
0.3515, 2.2232
0.3521, 2.2213
0.3528, 2.2193
0.3534, 2.2174
0.354, 2.2155
0.3546, 2.2136
0.3552, 2.2116
0.3559, 2.2097
0.3565, 2.2078
0.3571, 2.2059
0.3577, 2.2039
0.3583, 2.2017
0.359, 2.1998
0.3596, 2.1978
0.3602, 2.1959
0.3608, 2.194
0.3615, 2.1921
0.362, 2.1901
0.3627, 2.1882
0.3633, 2.1863
0.3639, 2.1844
0.3646, 2.1824
0.3652, 2.1804
0.3658, 2.1786
0.3664, 2.1767
0.367, 2.1743
0.3677, 2.1724
0.3683, 2.1706
0.3689, 2.1686
0.3695, 2.1667
0.37, 2.1648
0.3708, 2.1629
0.3714, 2.1609
0.3719, 2.159
0.3726, 2.1571
0.3733, 2.1552
0.3739, 2.1532
0.3745, 2.1513
0.3751, 2.1494
0.3757, 2.1475
0.3764, 2.1455
0.377, 2.1436
0.3776, 2.1417
0.3782, 2.1394
0.3788, 2.1375
0.3795, 2.1356
0.3801, 2.1337
0.3807, 2.1317
0.3813, 2.1298
0.382, 2.1279
0.3826, 2.126
0.3832, 2.124
0.3838, 2.1221
0.3844, 2.1202
0.3851, 2.1183
0.3857, 2.1163
0.3862, 2.1144
0.3869, 2.1122
0.3875, 2.1102
0.3881, 2.1083
0.3888, 2.1064
0.3894, 2.1045
0.39, 2.1025
0.3906, 2.1006
0.3913, 2.0987
0.3919, 2.0968
0.3925, 2.0948
0.3931, 2.0929
0.3938, 2.091
0.3944, 2.089
0.395, 2.0871
0.3956, 2.0852
0.3961, 2.0833
0.3969, 2.0813
0.3975, 2.0791
0.3981, 2.0772
0.3987, 2.0753
0.3993, 2.0733
0.4, 2.0714
0.4, 2.0711
0.4006, 2.0692
0.4012, 2.0672
0.4018, 2.0656
0.4024, 2.0637
0.4031, 2.0618
0.4037, 2.0598
0.4043, 2.0579
0.4049, 2.056
0.4056, 2.0538
0.4062, 2.0518
0.4068, 2.0499
0.4074, 2.048
0.408, 2.046
0.4087, 2.0441
0.4093, 2.0422
0.4099, 2.0403
0.4104, 2.0383
0.4111, 2.0364
0.4118, 2.0345
0.4123, 2.0326
0.413, 2.0306
0.4136, 2.0287
0.4143, 2.0268
0.4149, 2.0245
0.4155, 2.0226
0.4161, 2.0207
0.4167, 2.0188
0.4174, 2.0168
0.418, 2.0149
0.4186, 2.013
0.4192, 2.0111
0.4198, 2.0091
0.4205, 2.0072
0.4211, 2.0053
0.4217, 2.0034
0.4223, 2.0014
0.4229, 1.9995
0.4236, 1.9976
0.4242, 1.9957
0.4248, 1.9937
0.4254, 1.9918
0.4261, 1.9899
0.4267, 1.988
0.4273, 1.986
0.4279, 1.9841
0.4285, 1.9822
0.4292, 1.9802
0.4298, 1.9783
0.4304, 1.9764
0.431, 1.9745
0.4316, 1.9725
0.4323, 1.9706
0.4329, 1.9687
0.4335, 1.9668
0.4341, 1.9647
0.4346, 1.9628
0.4354, 1.9609
0.436, 1.959
0.4365, 1.9571
0.4372, 1.9552
0.4379, 1.9533
0.4385, 1.951
0.4391, 1.9491
0.4397, 1.9472
0.4403, 1.9456
0.441, 1.9436
0.4416, 1.9417
0.4422, 1.9398
0.4428, 1.9379
0.4434, 1.9359
0.4441, 1.934
0.4447, 1.9321
0.4453, 1.9299
0.4459, 1.9279
0.4466, 1.926
0.4472, 1.9241
0.4478, 1.9221
0.4484, 1.9202
0.449, 1.9183
0.4497, 1.9163
0.4503, 1.9144
0.4509, 1.9125
0.4515, 1.9106
0.4521, 1.9087
0.4527, 1.9066
0.4534, 1.9048
0.454, 1.9029
0.4546, 1.9005
0.4552, 1.8987
0.4559, 1.8968
0.4565, 1.8949
0.4571, 1.8929
0.4577, 1.891
0.4584, 1.8888
0.459, 1.8869
0.4596, 1.8849
0.4602, 1.883
0.4607, 1.8811
0.4615, 1.8792
0.4621, 1.8775
0.4627, 1.8756
0.4633, 1.8737
0.4639, 1.8718
0.4646, 1.8698
0.4652, 1.8679
0.4658, 1.866
0.4664, 1.8641
0.467, 1.862
0.4677, 1.8601
0.4683, 1.8582
0.4689, 1.8563
0.4695, 1.8544
0.4702, 1.8525
0.4708, 1.8506
0.4714, 1.8486
0.472, 1.8467
0.4726, 1.8448
0.4733, 1.8429
0.4739, 1.8409
0.4745, 1.839
0.4751, 1.8371
0.4757, 1.8352
0.4764, 1.8332
0.4769, 1.8313
0.4776, 1.8294
0.4782, 1.8271
0.4788, 1.8252
0.4795, 1.8233
0.4801, 1.8214
0.4807, 1.8194
0.4813, 1.8175
0.482, 1.8159
0.4826, 1.814
0.4832, 1.812
0.4838, 1.8098
0.4844, 1.8079
0.4851, 1.806
0.4857, 1.804
0.4863, 1.8021
0.4868, 1.8002
0.4875, 1.7982
0.4882, 1.7963
0.4888, 1.7944
0.4894, 1.7925
0.49, 1.7905
0.4907, 1.7886
0.4913, 1.7867
0.4919, 1.7848
0.4925, 1.7828
0.4931, 1.7809
0.4938, 1.7787
0.4944, 1.7767
0.495, 1.7748
0.4956, 1.7729
0.4962, 1.771
0.4969, 1.769
0.4975, 1.7671
0.4981, 1.7652
0.4987, 1.7633
0.4993, 1.7612
0.5, 1.7597
0.5006, 1.7578
0.5011, 1.7559
0.5018, 1.7539
0.5025, 1.7517
0.503, 1.7498
0.5037, 1.7479
0.5043, 1.7459
0.5049, 1.744
0.5056, 1.7418
0.5062, 1.7398
0.5068, 1.7379
0.5074, 1.736
0.508, 1.7341
0.5087, 1.7321
0.5093, 1.7302
0.5099, 1.7283
0.5105, 1.7264
0.5112, 1.7244
0.5118, 1.7225
0.5124, 1.7206
0.513, 1.7187
0.5135, 1.7167
0.5143, 1.7147
0.5149, 1.7126
0.5154, 1.7106
0.5161, 1.7086
0.5167, 1.7067
0.5173, 1.7048
0.518, 1.7029
0.5186, 1.701
0.5192, 1.6991
0.5198, 1.6972
0.5205, 1.6955
0.5211, 1.6936
0.5217, 1.6917
0.5223, 1.6894
0.523, 1.6875
0.5236, 1.6856
0.5242, 1.6837
0.5248, 1.6817
0.5253, 1.6798
0.5261, 1.6779
0.5267, 1.676
0.5272, 1.674
0.5279, 1.6721
0.5285, 1.6702
0.5292, 1.6683
0.5298, 1.6663
0.5304, 1.6644
0.531, 1.6625
0.5316, 1.6606
0.5323, 1.6585
0.5329, 1.6566
0.5335, 1.6548
0.5341, 1.6528
0.5348, 1.6509
0.5354, 1.649
0.536, 1.6471
0.5366, 1.6451
0.5372, 1.6432
0.5379, 1.6413
0.5385, 1.6394
0.5391, 1.6374
0.5396, 1.6355
0.5403, 1.6339
0.541, 1.632
0.5415, 1.63
0.5422, 1.6278
0.5428, 1.6259
0.5434, 1.624
0.5441, 1.6219
0.5447, 1.62
0.5453, 1.6181
0.5459, 1.6162
0.5466, 1.6143
0.5472, 1.6124
0.5478, 1.6105
0.5484, 1.6085
0.549, 1.6066
0.5497, 1.6047
0.5503, 1.6028
0.5509, 1.6008
0.5514, 1.5989
0.5521, 1.597
0.5528, 1.5951
0.5534, 1.5931
0.554, 1.5912
0.5546, 1.5893
0.5553, 1.5874
0.5558, 1.5854
0.5565, 1.5835
0.5571, 1.5816
0.5577, 1.5796
0.5584, 1.5777
0.559, 1.5758
0.5596, 1.5739
0.5602, 1.5718
0.5608, 1.5699
0.5615, 1.5681
0.5621, 1.5662
0.5627, 1.5642
0.5633, 1.5623
0.5638, 1.5604
0.5646, 1.5585
0.5652, 1.5565
0.5657, 1.5546
0.5664, 1.5527
0.5671, 1.5508
0.5676, 1.5488
0.5683, 1.5469
0.5689, 1.545
0.5695, 1.5431
0.5702, 1.5411
0.5708, 1.5392
0.5714, 1.5373
0.572, 1.5352
0.5726, 1.5333
0.5733, 1.5314
0.5739, 1.5295
0.5745, 1.5276
0.5751, 1.5257
0.5756, 1.5238
0.5764, 1.5219
0.577, 1.5199
0.5776, 1.518
0.5782, 1.5158
0.5789, 1.5139
0.5795, 1.5119
0.58, 1.51
0.5807, 1.5081
0.5813, 1.5061
0.5819, 1.5042
0.5826, 1.5023
0.5832, 1.5004
0.5838, 1.4984
0.5844, 1.4965
0.5851, 1.4946
0.5857, 1.4927
0.5863, 1.4907
0.5869, 1.4888
0.5876, 1.4868
0.5882, 1.4849
0.5888, 1.483
0.5894, 1.4811
0.5899, 1.4792
0.5907, 1.4773
0.5913, 1.4753
0.5918, 1.4734
0.5925, 1.4712
0.5931, 1.4692
0.5937, 1.4673
0.5944, 1.4654
0.595, 1.4635
0.5956, 1.4615
0.5962, 1.4596
0.5969, 1.4577
0.5975, 1.4558
0.5981, 1.4538
0.5987, 1.4519
0.5994, 1.45
0.6, 1.448
0.6006, 1.4461
0.6012, 1.4442
0.6018, 1.4423
0.6025, 1.4403
0.6031, 1.4384
0.6037, 1.4365
0.6042, 1.4346
0.6049, 1.4325
0.6056, 1.4307
0.6061, 1.4288
0.6068, 1.4269
0.6074, 1.4249
0.608, 1.423
0.6087, 1.4211
0.6093, 1.4192
0.6099, 1.4172
0.6105, 1.4153
0.6112, 1.4134
0.6118, 1.4114
0.6124, 1.4095
0.613, 1.4076
0.6136, 1.4057
0.6143, 1.4037
0.6149, 1.4018
0.6155, 1.3999
0.616, 1.398
0.6167, 1.396
0.6174, 1.3941
0.6179, 1.3921
0.6186, 1.3902
0.6192, 1.3883
0.6199, 1.3864
0.6205, 1.3845
0.6211, 1.3826
0.6217, 1.3806
0.6223, 1.3787
0.623, 1.3765
0.6236, 1.3745
0.6242, 1.3726
0.6248, 1.3707
0.6254, 1.3688
0.6261, 1.3668
0.6267, 1.3649
0.6273, 1.363
0.6279, 1.3611
0.6284, 1.3591
0.6292, 1.3572
0.6298, 1.3553
0.6303, 1.3534
0.631, 1.3511
0.6317, 1.3492
0.6322, 1.3473
0.6329, 1.3453
0.6335, 1.3434
0.6341, 1.3415
0.6348, 1.3396
0.6354, 1.3376
0.636, 1.3357
0.6366, 1.3338
0.6372, 1.3319
0.6379, 1.3299
0.6385, 1.328
0.6391, 1.3261
0.6397, 1.3241
0.6402, 1.3222
0.641, 1.3203
0.6416, 1.3184
0.6421, 1.3164
0.6421, 1.3161
0.6428, 1.3139
0.6435, 1.312
0.6441, 1.31
0.6447, 1.3081
0.6453, 1.3062
0.6459, 1.3043
0.6465, 1.302
0.6472, 1.3001
0.6478, 1.2982
0.6484, 1.2962
0.649, 1.2943
0.6497, 1.2921
0.6503, 1.2902
0.6509, 1.2882
0.6515, 1.2863
0.6522, 1.2844
0.6528, 1.2825
0.6534, 1.2802
0.654, 1.2783
0.6545, 1.2764
0.6553, 1.2744
0.6559, 1.2725
0.6564, 1.2706
0.6571, 1.2687
0.6577, 1.2667
0.6583, 1.2645
0.659, 1.2626
0.6596, 1.2606
0.6602, 1.2587
0.6609, 1.2568
0.6615, 1.2549
0.6615, 1.2546
0.6621, 1.2526
0.6627, 1.2504
0.6633, 1.2485
0.664, 1.2462
0.6646, 1.2443
0.6652, 1.2424
0.6658, 1.2401
0.6663, 1.2382
0.6671, 1.2363
0.6677, 1.2341
0.6683, 1.2321
0.6689, 1.2302
0.6696, 1.228
0.6702, 1.226
0.6707, 1.2241
0.6714, 1.2219
0.672, 1.2199
0.6726, 1.218
0.6733, 1.2158
0.6739, 1.2139
0.6745, 1.2119
0.6751, 1.21
0.6758, 1.2078
0.6764, 1.2058
0.677, 1.2036
0.6776, 1.2017
0.6783, 1.1994
0.6789, 1.1975
0.6795, 1.1956
0.6801, 1.1937
0.6806, 1.1917
0.6814, 1.1898
0.6814, 1.1895
0.682, 1.1876
0.6825, 1.1853
0.6832, 1.1834
0.6838, 1.1812
0.6844, 1.1793
0.6851, 1.177
0.6857, 1.1751
0.6863, 1.1732
0.687, 1.1709
0.6876, 1.169
0.6882, 1.1668
0.6888, 1.1648
0.6894, 1.1629
0.6901, 1.1607
0.6907, 1.1587
0.6913, 1.1568
0.6919, 1.1546
0.6925, 1.1527
0.6932, 1.1504
0.6938, 1.1485
0.6944, 1.1463
0.6949, 1.1443
0.6957, 1.1424
0.6963, 1.1405
0.6968, 1.1381
0.6975, 1.136
0.6981, 1.1341
0.6981, 1.1338
0.6987, 1.1318
0.6994, 1.1299
0.7, 1.128
0.7006, 1.1261
0.7006, 1.1258
0.7012, 1.1238
0.7013, 1.1235
0.7019, 1.1216
0.7025, 1.1194
0.7031, 1.1174
0.7037, 1.1152
0.7044, 1.1133
0.705, 1.111
0.7056, 1.1091
0.7062, 1.1069
0.7067, 1.1046
0.7075, 1.1027
0.7081, 1.1005
0.7086, 1.0985
0.7093, 1.0963
0.71, 1.0944
0.7106, 1.0921
0.7112, 1.0902
0.7118, 1.088
0.7124, 1.0857
0.713, 1.0838
0.7137, 1.0816
0.7143, 1.0796
0.7149, 1.0774
0.7155, 1.0755
0.7162, 1.0733
0.7168, 1.0713
0.7168, 1.071
0.7174, 1.0691
0.718, 1.0672
0.7187, 1.0649
0.7193, 1.063
0.7199, 1.0611
0.7205, 1.0588
0.7205, 1.0585
0.721, 1.0566
0.721, 1.0563
0.7218, 1.0544
0.7224, 1.0521
0.7229, 1.0499
0.7236, 1.048
0.7243, 1.0457
0.7248, 1.0435
0.7255, 1.0416
0.7261, 1.0393
0.7267, 1.0371
0.7274, 1.0352
0.728, 1.0329
0.7286, 1.031
0.7292, 1.0288
0.7298, 1.0265
0.7305, 1.0246
0.7311, 1.0224
0.7317, 1.0201
0.7323, 1.0182
0.733, 1.016
0.7336, 1.0137
0.7342, 1.0118
0.7348, 1.0096
0.7354, 1.0073
0.7361, 1.0054
0.7361, 1.0051
0.7367, 1.0032
0.7372, 1.0009
0.7379, 0.9987
0.7386, 0.9968
0.7386, 0.9965
0.7391, 0.9945
0.7398, 0.9926
0.7404, 0.9907
0.7404, 0.9904
0.741, 0.9884
0.741, 0.9881
0.7417, 0.9862
0.7423, 0.984
0.7429, 0.982
0.7435, 0.9798
0.7441, 0.9776
0.7448, 0.9756
0.7454, 0.9734
0.746, 0.9712
0.7466, 0.9691
0.7473, 0.967
0.7479, 0.9651
0.7485, 0.9628
0.749, 0.9606
0.7497, 0.9586
0.7504, 0.9565
0.751, 0.9542
0.7516, 0.9523
0.7522, 0.9501
0.7529, 0.9481
0.7534, 0.9459
0.7541, 0.9437
0.7547, 0.9417
0.7553, 0.9395
0.756, 0.9376
0.7566, 0.9353
0.7572, 0.9331
0.7578, 0.9308
0.7584, 0.9285
0.7591, 0.9266
0.7597, 0.9247
0.7603, 0.9228
0.7603, 0.9224
0.7609, 0.9205
0.7609, 0.9203
0.7616, 0.9184
0.7622, 0.9161
0.7628, 0.9142
0.7633, 0.912
0.764, 0.9097
0.7647, 0.9075
0.7652, 0.9053
0.7659, 0.9033
0.7665, 0.9011
0.7671, 0.8989
0.7678, 0.8965
0.7684, 0.8947
0.769, 0.8925
0.7696, 0.8902
0.7703, 0.8883
0.7709, 0.886
0.7715, 0.8838
0.7721, 0.8816
0.7727, 0.8797
0.7734, 0.8774
0.774, 0.8752
0.7746, 0.8729
0.7752, 0.871
0.7759, 0.8688
0.7765, 0.8669
0.7765, 0.8665
0.7771, 0.8646
0.7776, 0.8624
0.7783, 0.8601
0.779, 0.8578
0.7795, 0.8559
0.7802, 0.854
0.7802, 0.8538
0.7808, 0.8518
0.7808, 0.8515
0.7814, 0.8496
0.7814, 0.8493
0.7821, 0.847
0.7827, 0.8448
0.7833, 0.8429
0.7839, 0.8406
0.7846, 0.8384
0.7852, 0.8362
0.7858, 0.8338
0.7864, 0.8317
0.7871, 0.8295
0.7877, 0.8275
0.7883, 0.8253
0.7889, 0.8231
0.7889, 0.8227
0.7894, 0.8208
0.7894, 0.8205
0.7902, 0.8186
0.7902, 0.8183
0.7908, 0.8163
0.7913, 0.8141
0.792, 0.8122
0.7926, 0.81
0.7933, 0.8077
0.7939, 0.8054
0.7945, 0.8032
0.7951, 0.801
0.7957, 0.7988
0.7964, 0.7968
0.7964, 0.7965
0.797, 0.7946
0.7976, 0.7924
0.7982, 0.7901
0.7989, 0.7879
0.7995, 0.786
0.8001, 0.784
0.8001, 0.7837
0.8001, 0.7833
0.8001, 0.7831
0.8001, 0.7828
0.8007, 0.7809
0.8007, 0.7806
0.8014, 0.7783
0.802, 0.7761
0.8026, 0.7739
0.8032, 0.7715
0.8037, 0.7694
0.8045, 0.7671
0.8051, 0.7649
0.8056, 0.7627
0.8056, 0.7624
0.8063, 0.7601
0.807, 0.7579
0.8075, 0.7557
0.8082, 0.7534
0.8088, 0.7511
0.8094, 0.7489
0.8101, 0.7469
0.8101, 0.7467
0.8107, 0.7448
0.8107, 0.7445
0.8113, 0.7425
0.8113, 0.7422
0.8113, 0.7419
0.8119, 0.7397
0.8126, 0.7374
0.8132, 0.7351
0.8138, 0.733
0.8144, 0.7309
0.8144, 0.7307
0.815, 0.7285
0.8157, 0.7263
0.8163, 0.724
0.8169, 0.7218
0.8175, 0.7196
0.8182, 0.7173
0.8188, 0.7154
0.8188, 0.7151
0.8188, 0.7147
0.8194, 0.7125
0.8199, 0.7103
0.8199, 0.71
0.8206, 0.7081
0.8206, 0.7078
0.8213, 0.7058
0.8218, 0.7036
0.8225, 0.7014
0.8231, 0.6994
0.8231, 0.6991
0.8237, 0.6968
0.8244, 0.6945
0.825, 0.6924
0.825, 0.6921
0.8256, 0.6899
0.8262, 0.6876
0.8269, 0.6854
0.8275, 0.6835
0.8275, 0.6832
0.8281, 0.6808
0.8287, 0.679
0.8287, 0.6787
0.8294, 0.6768
0.8294, 0.6764
0.83, 0.6742
0.8306, 0.672
0.8312, 0.6697
0.8317, 0.6678
0.8317, 0.6675
0.8325, 0.6653
0.8331, 0.663
0.8336, 0.6611
0.8343, 0.6589
0.835, 0.6566
0.8356, 0.6543
0.8362, 0.6521
0.8368, 0.6499
0.8374, 0.6477
0.838, 0.6454
0.8387, 0.6432
0.8387, 0.6429
0.8387, 0.6425
0.8393, 0.6407
0.8393, 0.6402
0.8399, 0.6383
0.8399, 0.6381
0.8406, 0.6362
0.8406, 0.6359
0.8412, 0.6339
0.8412, 0.6336
0.8418, 0.6314
0.8424, 0.6295
0.843, 0.6272
0.8437, 0.625
0.8443, 0.6228
0.8449, 0.6205
0.8455, 0.6183
0.8462, 0.616
0.8468, 0.6141
0.8474, 0.6122
0.8479, 0.6099
0.8486, 0.6077
0.8493, 0.6055
0.8498, 0.6033
0.8505, 0.601
0.8511, 0.5988
0.8517, 0.5965
0.8524, 0.5943
0.853, 0.592
0.8536, 0.5897
0.8542, 0.5876
0.8549, 0.5854
0.8555, 0.5831
0.8561, 0.5809
0.8567, 0.579
0.8567, 0.5787
0.8573, 0.5767
0.858, 0.5745
0.8586, 0.5723
0.8586, 0.5718
0.8592, 0.5699
0.8598, 0.5681
0.8605, 0.5659
0.8611, 0.5638
0.8617, 0.562
0.8617, 0.5617
0.8622, 0.5598
0.8622, 0.5594
0.8629, 0.5572
0.8636, 0.5553
0.8641, 0.5531
0.8648, 0.5511
0.8654, 0.5489
0.866, 0.547
0.8667, 0.5447
0.8673, 0.5428
0.8679, 0.5406
0.8685, 0.5383
0.8692, 0.5364
0.8698, 0.5342
0.8704, 0.5322
0.871, 0.53
0.8716, 0.5281
0.8723, 0.5258
0.8729, 0.5239
0.8735, 0.5217
0.874, 0.5194
0.8748, 0.5175
0.8754, 0.5152
0.876, 0.5133
0.8766, 0.511
0.8772, 0.5091
0.8772, 0.5089
0.8779, 0.507
0.8784, 0.5047
0.8791, 0.5025
0.8797, 0.5006
0.8803, 0.4986
0.881, 0.4964
0.8816, 0.4945
0.8816, 0.4942
0.8822, 0.4922
0.8828, 0.49
0.8835, 0.4881
0.8841, 0.4858
0.8847, 0.4839
0.8853, 0.4817
0.8859, 0.4794
0.8866, 0.4775
0.8872, 0.4753
0.8878, 0.4733
0.8883, 0.4711
0.8891, 0.4692
0.8897, 0.4668
0.8902, 0.4647
0.8909, 0.4628
0.8915, 0.4605
0.8921, 0.4586
0.8928, 0.4564
0.8934, 0.4541
0.894, 0.4522
0.8946, 0.45
0.8953, 0.4481
0.8959, 0.4458
0.8965, 0.4439
0.8965, 0.4436
0.8971, 0.4417
0.8978, 0.4394
0.8984, 0.4372
0.899, 0.4349
0.8996, 0.433
0.9002, 0.4311
0.9009, 0.4292
0.9015, 0.4272
0.9021, 0.4253
0.9021, 0.425
0.9015, 0.4269
0.9009, 0.4289
0.9002, 0.4308
0.8996, 0.4327
0.9002, 0.4308
0.9009, 0.4289
0.9015, 0.4269
0.9015, 0.4266
0.9077, 0.3999
0.9083, 0.398
0.909, 0.3961
0.9096, 0.3938
0.9096, 0.3935
0.9102, 0.3913
0.9102, 0.391
0.9108, 0.3887
0.9115, 0.3865
0.9115, 0.3862
0.9121, 0.3839
0.9121, 0.3836
0.9127, 0.3814
0.9127, 0.3811
0.9127, 0.3808
0.9133, 0.3785
0.9133, 0.3782
0.9139, 0.376
0.9139, 0.3757
0.9146, 0.3734
0.9152, 0.3712
0.9152, 0.3709
0.9158, 0.3687
0.9158, 0.3683
0.9163, 0.366
0.9163, 0.3658
0.9171, 0.3636
0.9177, 0.3613
0.9177, 0.361
0.9183, 0.3588
0.9183, 0.3585
0.9189, 0.3565
0.9189, 0.3562
0.9196, 0.354
0.9196, 0.3537
0.9202, 0.3515
0.9202, 0.3511
0.9196, 0.3528
0.9196, 0.3524
0.9196, 0.3521
0.9202, 0.3502
0.9202, 0.3498
0.9202, 0.3496
0.9207, 0.3474
0.9207, 0.347
0.9207, 0.3467
0.9207, 0.3464
0.9214, 0.3442
0.9214, 0.3439
0.9214, 0.3436
0.9214, 0.3433
0.9214, 0.3429
0.9221, 0.3407
0.9221, 0.3404
0.9221, 0.3401
0.9221, 0.3397
0.9221, 0.3395
0.9226, 0.3372
0.9226, 0.3369
0.9226, 0.3366
0.9226, 0.3363
0.9226, 0.336
0.9226, 0.3357
0.9233, 0.3334
0.9233, 0.3331
0.9233, 0.3328
0.9233, 0.3325
0.9233, 0.3322
0.9239, 0.33
0.9239, 0.3296
0.9239, 0.3293
0.9239, 0.329
0.9239, 0.3287
0.9245, 0.3265
0.9245, 0.3262
0.9245, 0.3259
0.9245, 0.3256
0.9245, 0.3252
0.9245, 0.3249
0.9252, 0.3227
0.9252, 0.3224
0.9252, 0.3221
0.9252, 0.3218
0.9252, 0.3215
0.9252, 0.3211
0.9258, 0.3189
0.9258, 0.3186
0.9258, 0.3183
0.9258, 0.318
0.9258, 0.3176
0.9264, 0.3154
0.9264, 0.3151
0.9264, 0.3148
0.9264, 0.3145
0.9264, 0.3142
0.9271, 0.312
0.9271, 0.3115
0.9271, 0.3113
0.9271, 0.311
0.9271, 0.3107
0.9271, 0.3104
0.9277, 0.3082
0.9277, 0.3079
0.9277, 0.3075
0.9277, 0.3072
0.9277, 0.3069
0.9283, 0.3047
0.9283, 0.3044
0.9283, 0.3041
0.9283, 0.3038
0.9283, 0.3034
0.9283, 0.3031
0.9289, 0.3009
0.9289, 0.3006
0.9289, 0.3003
0.9289, 0.3
0.9289, 0.2997
0.9289, 0.2993
0.9296, 0.2971
0.9296, 0.2968
0.9296, 0.2965
0.9296, 0.2962
0.9296, 0.2959
0.9302, 0.2936
0.9302, 0.2933
0.9302, 0.293
0.9302, 0.2927
0.9302, 0.2924
0.9308, 0.2902
0.9308, 0.2898
0.9308, 0.2894
0.9308, 0.2892
0.9308, 0.2889
0.9308, 0.2886
0.9314, 0.2864
0.9314, 0.2861
0.9314, 0.2857
0.9315, 0.2854
0.9315, 0.2851
0.9321, 0.2829
0.9321, 0.2826
0.9321, 0.2823
0.9321, 0.282
0.9321, 0.2816
0.9321, 0.2812
0.9327, 0.2791
0.9327, 0.2788
0.9327, 0.2785
0.9327, 0.2782
0.9327, 0.2779
0.9333, 0.2756
0.9333, 0.2753
0.9333, 0.275
0.9333, 0.2747
0.9333, 0.2744
0.9333, 0.2741
0.934, 0.2718
0.934, 0.2715
0.934, 0.2711
0.934, 0.2709
0.934, 0.2706
0.9346, 0.2684
0.9346, 0.268
0.9346, 0.2677
0.9346, 0.2674
0.9346, 0.2671
0.9346, 0.2668
0.9352, 0.2646
0.9352, 0.2643
0.9352, 0.2639
0.9352, 0.2636
0.9352, 0.2633
0.9358, 0.261
0.9358, 0.2608
0.9358, 0.2605
0.9358, 0.2602
0.9358, 0.2598
0.9358, 0.2595
0.9365, 0.2572
0.9365, 0.257
0.9365, 0.2567
0.9365, 0.2564
0.9365, 0.2561
0.9371, 0.2538
0.9371, 0.2535
0.9371, 0.2532
0.9371, 0.2529
0.9371, 0.2526
0.9371, 0.2523
0.9377, 0.25
0.9377, 0.2497
0.9377, 0.2494
0.9377, 0.249
0.9377, 0.2488
0.9383, 0.2466
0.9383, 0.2462
0.9383, 0.2459
0.9383, 0.2456
0.9383, 0.2453
0.9383, 0.245
0.9383, 0.2447
0.939, 0.2425
0.939, 0.2421
0.9396, 0.2399
0.9396, 0.2396
0.9396, 0.2393
0.9396, 0.2389
0.9396, 0.2387
0.9396, 0.2384
0.9402, 0.2364
0.9402, 0.2361
0.9402, 0.2358
0.9402, 0.2355
0.9402, 0.2352
0.9402, 0.2349
0.9402, 0.2346
0.9402, 0.2343
0.9402, 0.234
0.9402, 0.2336
0.9402, 0.2333
0.9402, 0.233
0.9402, 0.2327
0.9407, 0.2305
0.9407, 0.2302
0.9407, 0.2299
0.9409, 0.2295
0.9409, 0.2292
0.9409, 0.2288
0.9409, 0.2286
0.9415, 0.2264
0.9415, 0.2261
0.9415, 0.2258
0.9415, 0.2254
0.9415, 0.2251
0.9415, 0.2248
0.9415, 0.2245
0.9415, 0.2242
0.9421, 0.222
0.9421, 0.2217
0.9421, 0.2213
0.9421, 0.221
0.9421, 0.2207
0.9421, 0.2204
0.9421, 0.2201
0.9421, 0.2198
0.9426, 0.2176
0.9426, 0.2172
0.9426, 0.2169
0.9426, 0.2166
0.9426, 0.2163
0.9426, 0.216
0.9426, 0.2157
0.9426, 0.2154
0.9434, 0.2131
0.9434, 0.2128
0.9434, 0.2125
0.9434, 0.2122
0.9434, 0.2119
0.9434, 0.2116
0.9434, 0.2113
0.9434, 0.211
0.944, 0.2086
0.944, 0.2084
0.944, 0.2081
0.944, 0.2078
0.944, 0.2075
0.944, 0.2072
0.944, 0.2069
0.944, 0.2066
0.9445, 0.2043
0.9445, 0.204
0.9445, 0.2037
0.9445, 0.2034
0.9445, 0.2031
0.9445, 0.2028
0.9445, 0.2025
0.9445, 0.2022
0.9452, 0.1999
0.9452, 0.1996
0.9452, 0.1993
0.9453, 0.199
0.9453, 0.1987
0.9453, 0.1984
0.9453, 0.1981
0.9453, 0.1977
0.9459, 0.1955
0.9459, 0.1952
0.9459, 0.1949
0.9459, 0.1945
0.9459, 0.1943
0.9459, 0.194
0.9459, 0.1937
0.9459, 0.1933
0.9465, 0.1911
0.9465, 0.1908
0.9465, 0.1905
0.9465, 0.1902
0.9465, 0.1899
0.9465, 0.1896
0.9465, 0.1892
0.9465, 0.1889
0.9471, 0.1867
0.9471, 0.1864
0.9471, 0.1861
0.9471, 0.1858
0.9471, 0.1855
0.9471, 0.1851
0.9471, 0.1848
0.9471, 0.1844
0.9478, 0.1823
0.9478, 0.182
0.9478, 0.1817
0.9478, 0.1814
0.9478, 0.181
0.9478, 0.1807
0.9478, 0.1804
0.9478, 0.1801
0.9484, 0.1779
0.9484, 0.1776
0.9484, 0.1773
0.9489, 0.175
0.9489, 0.1747
0.9496, 0.1724
